              precision    recall  f1-score   support

           0       0.93      0.91      0.92       827
           1       0.92      0.95      0.94       937
           2       0.84      0.84      0.84       835
           3       0.82      0.81      0.81       870
           4       0.85      0.87      0.86       814
           5       0.80      0.81      0.80       759
           6       0.89      0.89      0.89       827
           7       0.90      0.89      0.89       880
           8       0.78      0.77      0.77       813
           9       0.81      0.81      0.81       838

    accuracy                           0.86      8400
   macro avg       0.85      0.85      0.85      8400
weighted avg       0.86      0.86      0.86      8400
