              precision    recall  f1-score   support

           0       0.95      0.98      0.96       827
           1       0.95      1.00      0.97       937
           2       0.95      0.94      0.94       835
           3       0.92      0.93      0.93       870
           4       0.94      0.92      0.93       814
           5       0.91      0.91      0.91       759
           6       0.96      0.97      0.97       827
           7       0.94      0.93      0.93       880
           8       0.97      0.86      0.92       813
           9       0.90      0.92      0.91       838

    accuracy                           0.94      8400
   macro avg       0.94      0.94      0.94      8400
weighted avg       0.94      0.94      0.94      8400
