              precision    recall  f1-score   support

           0       0.95      0.95      0.95       827
           1       0.93      0.97      0.95       937
           2       0.89      0.88      0.88       835
           3       0.89      0.87      0.88       870
           4       0.92      0.89      0.90       814
           5       0.84      0.86      0.85       759
           6       0.93      0.94      0.94       827
           7       0.93      0.93      0.93       880
           8       0.87      0.83      0.85       813
           9       0.87      0.89      0.88       838

    accuracy                           0.90      8400
   macro avg       0.90      0.90      0.90      8400
weighted avg       0.90      0.90      0.90      8400
