              precision    recall  f1-score   support

           0       0.98      0.98      0.98       827
           1       0.99      0.99      0.99       937
           2       0.96      0.96      0.96       835
           3       0.96      0.94      0.95       870
           4       0.97      0.97      0.97       814
           5       0.95      0.95      0.95       759
           6       0.96      0.99      0.98       827
           7       0.97      0.97      0.97       880
           8       0.95      0.95      0.95       813
           9       0.94      0.94      0.94       838

    accuracy                           0.96      8400
   macro avg       0.96      0.96      0.96      8400
weighted avg       0.96      0.96      0.96      8400
