              precision    recall  f1-score   support

           0       0.98      0.99      0.98       827
           1       0.99      0.99      0.99       937
           2       0.97      0.98      0.97       835
           3       0.97      0.96      0.96       870
           4       0.99      0.97      0.98       814
           5       0.97      0.96      0.97       759
           6       0.98      0.98      0.98       827
           7       0.98      0.97      0.97       880
           8       0.97      0.97      0.97       813
           9       0.95      0.97      0.96       838

    accuracy                           0.97      8400
   macro avg       0.97      0.97      0.97      8400
weighted avg       0.97      0.97      0.97      8400
