              precision    recall  f1-score   support

           3       0.00      0.00      0.00         2
           4       0.00      0.00      0.00        11
           5       0.62      0.73      0.67       116
           6       0.53      0.60      0.56       107
           7       0.56      0.27      0.37        33
           8       0.00      0.00      0.00         3

    accuracy                           0.58       272
   macro avg       0.29      0.27      0.27       272
weighted avg       0.54      0.58      0.55       272
