              precision    recall  f1-score   support

           3       0.00      0.00      0.00         2
           4       0.07      0.09      0.08        11
           5       0.65      0.61      0.63       116
           6       0.50      0.50      0.50       107
           7       0.36      0.42      0.39        33
           8       0.00      0.00      0.00         3

    accuracy                           0.51       272
   macro avg       0.26      0.27      0.27       272
weighted avg       0.52      0.51      0.52       272
