              precision    recall  f1-score   support

           3       0.00      0.00      0.00         2
           4       0.00      0.00      0.00        11
           5       0.66      0.74      0.70       116
           6       0.54      0.63      0.58       107
           7       0.44      0.24      0.31        33
           8       0.00      0.00      0.00         3

    accuracy                           0.59       272
   macro avg       0.27      0.27      0.27       272
weighted avg       0.55      0.59      0.56       272
