              precision    recall  f1-score   support

           3       0.00      0.00      0.00         2
           4       0.00      0.00      0.00        11
           5       0.69      0.72      0.71       116
           6       0.60      0.69      0.64       107
           7       0.52      0.36      0.43        33
           8       0.00      0.00      0.00         3

    accuracy                           0.62       272
   macro avg       0.30      0.30      0.30       272
weighted avg       0.59      0.62      0.61       272
