              precision    recall  f1-score   support

           3       0.00      0.00      0.00         2
           4       0.00      0.00      0.00        11
           5       0.63      0.69      0.66       116
           6       0.52      0.56      0.54       107
           7       0.50      0.39      0.44        33
           8       0.00      0.00      0.00         3

    accuracy                           0.56       272
   macro avg       0.28      0.27      0.27       272
weighted avg       0.53      0.56      0.55       272
