              precision    recall  f1-score   support

           3       0.00      0.00      0.00         2
           4       0.00      0.00      0.00        11
           5       0.71      0.73      0.72       116
           6       0.55      0.64      0.59       107
           7       0.50      0.33      0.40        33
           8       0.00      0.00      0.00         3

    accuracy                           0.61       272
   macro avg       0.29      0.29      0.29       272
weighted avg       0.58      0.61      0.59       272
